0    0
1    0
2    0
3    0
4    0
5    0
6    0
7    0
8    0
9    0
10   0
11   0
12   0
13   0
14   0
15   0
16   0
17   0
18   0
19   0
20   0
21   0
22   0
23   0
24   0,001
25   0,001
26   0,001
27   0,002
28   0,003
29   0,004
30   0,005
31   0,006
32   0,008
33   0,01
34   0,011
35   0,013
36   0,016
37   0,018
38   0,021
39   0,023
40   0,026
41   0,028
42   0,03
43   0,032
44   0,035
45   0,036
46   0,038
47   0,039
48   0,04
49   0,04
50   0,04
51   0,04
52   0,039
53   0,037
54   0,035
55   0,033
56   0,032
57   0,029
58   0,027
59   0,025
60   0,022
61   0,02
62   0,018
63   0,016
64   0,014
65   0,013
66   0,011
67   0,01
68   0,008
69   0,007
70   0,006
71   0,005
72   0,004
73   0,003
74   0,003
75   0,002
76   0,002
77   0,001
78   0,001
79   0,001
80   0,001
81   0
82   0
83   0
84   0
85   0
86   0
87   0
88   0
89   0
90   0
91   0
92   0
93   0
94   0
95   0
96   0
97   0
98   0
99   0
