0    0
1    0
2    0
3    0
4    0
5    0
6    0,001
7    0,002
8    0,004
9    0,007
10   0,012
11   0,018
12   0,025
13   0,031
14   0,04
15   0,047
16   0,054
17   0,059
18   0,063
19   0,065
20   0,066
21   0,064
22   0,061
23   0,057
24   0,052
25   0,048
26   0,042
27   0,036
28   0,03
29   0,025
30   0,02
31   0,017
32   0,013
33   0,011
34   0,008
35   0,006
36   0,005
37   0,003
38   0,002
39   0,002
40   0,001
41   0,001
42   0,001
43   0,001
44   0
45   0
46   0
47   0
48   0
49   0
50   0
51   0
52   0
53   0
54   0
55   0
56   0
57   0
58   0
59   0
